black,20,10,3,1
red,10,20,4,3
blue,10,-20,-4,3
#ad5e07,33,16,3.33,4
#bc6b80,31,18,2.39,4
#7cd014,49,16,0.33,3
#62b5b9,29,40,3.24,2
#ee2228,48,35,0.71,3
#b65e89,27,33,3.91,2
#26d92a,41,12,3.87,2
#48c4c3,32,20,3.43,4
#77ba63,38,22,0.88,1
#aca3ba,10,31,1.68,3
#076760,24,19,0.24,5
#8024e1,31,13,3.43,4
#7cf682,15,17,2.38,3
#1920ae,14,38,1.31,2
#121d03,45,12,0.09,1
#52ed15,31,32,0.95,4
#de36e4,16,33,1.42,1
#c2f65f,26,18,3.62,2
#df9381,38,29,3.62,1
#52cf5e,50,23,3.87,2
#7dbbc5,32,11,3.39,4
#25be4a,34,21,1.0,5
#faaa69,44,24,0.91,5
#33986b,33,34,2.49,4
#759caf,22,19,3.24,3
#372bd7,27,35,2.94,1
#1aff59,23,22,1.34,1
#406585,18,24,3.55,1
#989ba2,49,36,3.91,2